# ID x y z r p longitude latitude
14004 4.54100000e+05 -5.77380000e+06 -2.10980000e+06 6.16390000e+06 2.66800000e+09 -1.49230951e+00 -3.49345904e-01
14019 -3.14000000e+05 -5.27530000e+06 -2.64350000e+06 5.90890000e+06 1.29480000e+10 -1.63024886e+00 -4.63829182e-01
15786 6.43930000e+05 -5.64410000e+06 -2.36830000e+06 6.15460000e+06 3.58010000e+09 -1.45719845e+00 -3.94992874e-01
17625 -8.85000000e+05 -5.62640000e+06 -1.68260000e+06 5.93890000e+06 1.23860000e+10 -1.72681221e+00 -2.87252589e-01
17627 -1.18970000e+06 -5.71950000e+06 -2.01020000e+06 6.17810000e+06 4.26900000e+09 -1.77587960e+00 -3.31408403e-01
17644 -1.00860000e+06 -5.51210000e+06 -1.93170000e+06 5.92720000e+06 1.40220000e+10 -1.75177352e+00 -3.31968100e-01
19530 -1.23200000e+06 -5.84120000e+06 -1.28200000e+06 6.10580000e+06 7.00220000e+09 -1.77866525e+00 -2.11538442e-01
19537 1.95300000e+05 -5.83180000e+06 -1.91870000e+06 6.14240000e+06 3.98410000e+09 -1.53732003e+00 -3.17686598e-01
19552 9.42170000e+05 -5.56740000e+06 -2.49850000e+06 6.17460000e+06 4.00900000e+09 -1.40315483e+00 -4.16586874e-01
21500 -5.66700000e+05 -5.89010000e+06 -1.55730000e+06 6.11880000e+06 7.53000000e+09 -1.66671338e+00 -2.57341696e-01
21504 -5.74900000e+05 -5.80080000e+06 -2.09520000e+06 6.19430000e+06 1.45840000e+09 -1.66958076e+00 -3.45052892e-01
21516 1.15010000e+06 -5.64150000e+06 -2.29280000e+06 6.19730000e+06 1.75080000e+09 -1.36968795e+00 -3.78974110e-01
21517 9.23840000e+05 -5.83170000e+06 -1.70300000e+06 6.14510000e+06 5.23370000e+09 -1.41368500e+00 -2.80807253e-01
21519 1.68050000e+06 -5.87980000e+06 -1.00500000e+06 6.19730000e+06 1.90400000e+09 -1.29240907e+00 -1.62886728e-01
21527 -1.47120000e+06 -5.41860000e+06 -2.16460000e+06 6.01760000e+06 1.25580000e+10 -1.83591432e+00 -3.67958692e-01
23561 -1.08060000e+06 -5.67570000e+06 -1.46940000e+06 5.96160000e+06 1.37470000e+10 -1.75893525e+00 -2.49043886e-01
23563 5.86440000e+05 -5.65650000e+06 -1.79310000e+06 5.96280000e+06 1.52460000e+10 -1.46748999e+00 -3.05441668e-01
23565 1.02130000e+06 -5.75020000e+06 -1.98280000e+06 6.16760000e+06 1.11960000e+09 -1.39501817e+00 -3.27298882e-01
23569 -1.71940000e+06 -5.51830000e+06 -2.24320000e+06 6.20000000e+06 8.83430000e+08 -1.87284416e+00 -3.70204893e-01
23572 1.15900000e+05 -5.58560000e+06 -2.42740000e+06 6.09130000e+06 7.25680000e+09 -1.55004952e+00 -4.09883829e-01
23576 1.51100000e+06 -5.62280000e+06 -1.96380000e+06 6.14450000e+06 4.57020000e+09 -1.30827107e+00 -3.25310374e-01
23578 1.56160000e+06 -5.50520000e+06 -2.23670000e+06 6.14400000e+06 2.99420000e+09 -1.29439779e+00 -3.72608553e-01
23581 1.16240000e+06 -5.86220000e+06 -1.57090000e+06 6.17930000e+06 2.66620000e+09 -1.37504810e+00 -2.57040846e-01
23583 -2.12900000e+06 -5.31420000e+06 -1.08500000e+06 5.82670000e+06 1.63830000e+10 -1.95184116e+00 -1.87305039e-01
23591 -1.86500000e+05 -6.05380000e+06 -1.25120000e+06 6.18460000e+06 4.44490000e+09 -1.60159368e+00 -2.03715063e-01
23592 -6.08900000e+05 -5.59090000e+06 -1.71510000e+06 5.87970000e+06 1.48160000e+10 -1.67927789e+00 -2.96002142e-01
23603 2.30610000e+06 -5.43360000e+06 -1.73870000e+06 6.15350000e+06 3.96940000e+09 -1.16942149e+00 -2.86456233e-01
23604 2.02880000e+06 -5.38790000e+06 -2.20140000e+06 6.16370000e+06 2.12350000e+09 -1.21066968e+00 -3.65220869e-01
23606 -2.80150000e+06 -5.28570000e+06 -1.49490000e+06 6.16620000e+06 4.69450000e+09 -2.05816657e+00 -2.44874492e-01
23607 -1.77150000e+06 -5.42900000e+06 -1.75030000e+06 5.97290000e+06 1.30740000e+10 -1.88620646e+00 -2.97405121e-01
23793 -3.64540000e+06 -4.81130000e+06 -1.15690000e+06 6.14620000e+06 4.87540000e+09 -2.21919114e+00 -1.89359748e-01
25664 -1.19540000e+06 -5.57120000e+06 -1.69290000e+06 5.94420000e+06 1.59290000e+10 -1.78215932e+00 -2.88796349e-01
25665 -4.50400000e+05 -5.64670000e+06 -1.52130000e+06 5.86540000e+06 1.52550000e+10 -1.65039121e+00 -2.62368269e-01
25667 3.56200000e+05 -5.58970000e+06 -1.92640000e+06 5.92310000e+06 1.58350000e+10 -1.50715802e+00 -3.31260330e-01
25674 -2.75060000e+06 -5.00720000e+06 -1.57660000e+06 5.92650000e+06 1.28740000e+10 -2.07312420e+00 -2.69267579e-01
25678 -6.70800000e+05 -5.83450000e+06 -1.83500000e+06 6.15290000e+06 5.80260000e+09 -1.68526502e+00 -3.02841243e-01
25680 -3.16300000e+05 -5.84560000e+06 -1.07440000e+06 5.95190000e+06 1.42050000e+10 -1.62485269e+00 -1.81508793e-01
25681 -2.48000000e+05 -5.73250000e+06 -1.31790000e+06 5.88730000e+06 1.37550000e+10 -1.61403147e+00 -2.25767795e-01
25710 1.94280000e+06 -5.63400000e+06 -1.65330000e+06 6.18460000e+06 3.73020000e+09 -1.23873030e+00 -2.70616231e-01
25833 -4.14000000e+06 -4.45370000e+06 -1.02740000e+06 6.16690000e+06 3.55010000e+09 -2.31970721e+00 -1.67379556e-01
25868 -3.43090000e+06 -4.26650000e+06 -1.53630000e+06 5.68630000e+06 1.81940000e+10 -2.24806179e+00 -2.73575498e-01
26071 -3.05470000e+06 -2.88140000e+06 -1.12380000e+06 4.34700000e+06 7.22660000e+10 -2.38538045e+00 -2.61493036e-01
27793 -5.61000000e+04 -5.77910000e+06 -1.98940000e+06 6.11220000e+06 8.10580000e+09 -1.58050342e+00 -3.31519523e-01
27795 7.32970000e+05 -5.88480000e+06 -1.86260000e+06 6.21590000e+06 3.34100000e+09 -1.44688139e+00 -3.04326714e-01
27806 2.12000000e+05 -5.85180000e+06 -1.36210000e+06 6.01200000e+06 1.23770000e+10 -1.53458399e+00 -2.28548020e-01
27807 -2.43200000e+05 -5.68750000e+06 -1.73130000e+06 5.95010000e+06 1.41160000e+10 -1.61353073e+00 -2.95240445e-01
27822 -4.06300000e+05 -5.50990000e+06 -1.28870000e+06 5.67320000e+06 2.53180000e+10 -1.64440310e+00 -2.29156084e-01
27835 -2.57090000e+06 -5.38980000e+06 -1.56590000e+06 6.17340000e+06 4.65080000e+09 -2.01586999e+00 -2.56454666e-01
27858 -3.03430000e+06 -5.17460000e+06 -1.46810000e+06 6.17570000e+06 4.94270000e+09 -2.10114352e+00 -2.40019986e-01
27884 -2.54960000e+06 -5.12800000e+06 -1.41770000e+06 5.89970000e+06 1.43670000e+10 -2.03219492e+00 -2.42675260e-01
28011 -4.25700000e+06 -4.14770000e+06 -1.76130000e+06 6.19900000e+06 2.28970000e+09 -2.36919839e+00 -2.88095229e-01
28012 -3.92450000e+06 -4.64360000e+06 -1.08620000e+06 6.17610000e+06 3.32190000e+09 -2.27246313e+00 -1.76791002e-01
28048 -5.18140000e+06 -3.31370000e+06 -2.41470000e+05 6.15510000e+06 4.59190000e+09 -2.57260758e+00 -3.92409518e-02
29982 6.20460000e+05 -6.00090000e+06 -1.32820000e+06 6.17740000e+06 3.05590000e+09 -1.46776793e+00 -2.16701610e-01
29991 -3.11090000e+06 -4.67790000e+06 -1.23760000e+06 5.75260000e+06 1.92200000e+10 -2.15765850e+00 -2.16832628e-01
29992 -1.62960000e+06 -5.57790000e+06 -1.22480000e+06 5.93870000e+06 1.30540000e+10 -1.85503855e+00 -2.07731215e-01
30001 9.08230000e+05 -5.78740000e+06 -8.51910000e+05 5.91990000e+06 1.44210000e+10 -1.41513361e+00 -1.44407525e-01
30013 -2.96350000e+06 -5.26270000e+06 -1.22130000e+06 6.16200000e+06 1.08980000e+09 -2.08365208e+00 -1.99519756e-01
30036 -2.29950000e+06 -5.10020000e+06 -1.29220000e+06 5.74190000e+06 2.47760000e+10 -1.99436908e+00 -2.26991744e-01
30063 -3.01740000e+06 -4.88230000e+06 -1.49890000e+06 5.93200000e+06 1.24750000e+10 -2.12436663e+00 -2.55449531e-01
30229 -4.48150000e+06 -3.59290000e+06 -1.36050000e+06 5.90290000e+06 1.03610000e+10 -2.46580492e+00 -2.32570866e-01
30236 -2.48370000e+06 -3.54740000e+06 -8.87570000e+05 4.42050000e+06 7.03430000e+10 -2.18162066e+00 -2.02159152e-01
30400 -3.17910000e+06 -3.07490000e+06 -1.00380000e+06 4.53530000e+06 6.73290000e+10 -2.37285429e+00 -2.23178548e-01
32169 -1.06570000e+06 -5.72170000e+06 -1.06750000e+06 5.91720000e+06 1.36220000e+10 -1.75494209e+00 -1.81399486e-01
32175 1.28200000e+06 -5.76080000e+06 -4.18030000e+05 5.91650000e+06 1.55540000e+10 -1.35182597e+00 -7.07138668e-02
32176 -9.60000000e+03 -5.73530000e+06 -1.50770000e+06 5.93020000e+06 1.49990000e+10 -1.57247017e+00 -2.57062839e-01
32177 1.51460000e+06 -5.96960000e+06 -4.24390000e+05 6.17330000e+06 4.19730000e+09 -1.32232065e+00 -6.88003162e-02
32184 -7.70300000e+05 -5.72860000e+06 -1.10880000e+06 5.88550000e+06 1.34740000e+10 -1.70446025e+00 -1.89527838e-01
32195 -2.49920000e+06 -5.32700000e+06 -1.89560000e+06 6.18190000e+06 3.07930000e+09 -2.00946662e+00 -3.11657929e-01
32199 -1.43110000e+06 -5.22290000e+06 -8.40550000e+05 5.48030000e+06 3.13880000e+10 -1.83823713e+00 -1.53984445e-01
32202 -1.10320000e+06 -5.29430000e+06 -7.13790000e+05 5.45490000e+06 3.02810000e+10 -1.77623169e+00 -1.31229323e-01
32218 -3.09840000e+06 -4.98720000e+06 -1.24780000e+06 6.00240000e+06 1.14680000e+10 -2.12670922e+00 -2.09410703e-01
32221 -2.17780000e+06 -5.49070000e+06 -1.28900000e+06 6.04580000e+06 9.64910000e+09 -1.94839788e+00 -2.14855100e-01
32228 4.78450000e+05 -5.85060000e+06 -1.17350000e+06 5.98630000e+06 1.36730000e+10 -1.48919996e+00 -1.97308676e-01
32244 -2.81380000e+06 -5.21540000e+06 -7.77240000e+05 5.97680000e+06 1.58910000e+10 -2.06555601e+00 -1.30412179e-01
32245 -2.21990000e+06 -4.88250000e+06 -8.37820000e+05 5.42850000e+06 3.13890000e+10 -1.99752257e+00 -1.54956675e-01
32246 -2.30480000e+06 -5.28950000e+06 -1.49090000e+06 5.95930000e+06 1.17450000e+10 -1.98172114e+00 -2.52866566e-01
32271 -2.62480000e+06 -4.57310000e+06 -9.38920000e+05 5.35580000e+06 3.53970000e+10 -2.09185254e+00 -1.76219631e-01
32302 -2.84930000e+06 -4.95560000e+06 -7.97110000e+05 5.77160000e+06 1.88400000e+10 -2.09260483e+00 -1.38551879e-01
32333 -3.84760000e+06 -4.39630000e+06 -9.45100000e+05 5.91820000e+06 1.38300000e+10 -2.28973421e+00 -1.60380491e-01
32443 -3.97900000e+06 -4.17340000e+06 -1.36880000e+06 5.92650000e+06 1.57870000e+10 -2.33235327e+00 -2.33066942e-01
32478 -4.30920000e+06 -3.70350000e+06 -1.10910000e+06 5.78920000e+06 1.75530000e+10 -2.43164349e+00 -1.92772604e-01
32513 4.44820000e+06 -3.45340000e+06 -9.13020000e+05 5.70490000e+06 1.90910000e+10 -6.60158539e-01 -1.60732561e-01
34378 -8.77800000e+05 -5.77820000e+06 -8.58980000e+05 5.90730000e+06 1.25070000e+10 -1.72155941e+00 -1.45927280e-01
34379 1.69400000e+05 -5.87250000e+06 -5.55080000e+05 5.90110000e+06 1.31030000e+10 -1.54195801e+00 -9.42030866e-02
34386 1.64250000e+06 -5.68140000e+06 2.63960000e+05 5.91990000e+06 1.05040000e+10 -1.28936811e+00 4.46033790e-02
34417 7.15000000e+04 -6.08420000e+06 -1.10190000e+06 6.18360000e+06 3.15840000e+09 -1.55904512e+00 -1.79153989e-01
34436 -7.99700000e+05 -5.35210000e+06 -7.61550000e+05 5.46480000e+06 3.23870000e+10 -1.71911702e+00 -1.39810546e-01
34461 -1.57550000e+06 -4.81770000e+06 -4.05550000e+05 5.08500000e+06 4.37370000e+10 -1.88685711e+00 -7.98389710e-02
34467 1.62600000e+05 -4.36540000e+06 -2.49020000e+05 4.37550000e+06 6.85880000e+10 -1.53356609e+00 -5.69431211e-02
34484 -2.32040000e+06 -5.57440000e+06 -1.02770000e+06 6.12490000e+06 5.58560000e+09 -1.96524093e+00 -1.68587959e-01
34579 -3.30840000e+06 -4.20080000e+06 -6.22240000e+05 5.38330000e+06 3.23460000e+10 -2.23790838e+00 -1.15846034e-01
34650 -4.19400000e+06 -4.00850000e+06 -1.19150000e+06 5.92260000e+06 1.06230000e+10 -2.37880569e+00 -2.02560908e-01
34731 -4.25580000e+06 -3.47120000e+06 -8.83290000e+05 5.56250000e+06 2.76660000e+10 -2.45738772e+00 -1.59468738e-01
34774 -4.54900000e+06 -3.43080000e+06 -4.82650000e+05 5.71810000e+06 2.14350000e+10 -2.49541678e+00 -8.45079591e-02
34820 -4.78180000e+06 -3.45210000e+06 -8.70420000e+05 5.96160000e+06 1.27090000e+10 -2.51630311e+00 -1.46528205e-01
34821 -5.05160000e+06 -3.03290000e+06 -8.49790000e+05 5.95310000e+06 1.58800000e+10 -2.60089082e+00 -1.43236767e-01
34822 -4.80380000e+06 -2.97270000e+06 -5.73390000e+05 5.67820000e+06 2.05510000e+10 -2.58744785e+00 -1.01153357e-01
36688 -1.92880000e+06 -5.50860000e+06 -1.07720000e+06 5.93510000e+06 1.40630000e+10 -1.90759890e+00 -1.82508033e-01
36727 1.56080000e+06 -4.76630000e+06 4.75930000e+04 5.01560000e+06 4.40120000e+10 -1.25433586e+00 9.48913674e-03
36786 8.85400000e+05 -4.33640000e+06 -4.27540000e+04 4.42610000e+06 6.93130000e+10 -1.36938615e+00 -9.65966989e-03
36800 -3.99910000e+06 -4.49450000e+06 -1.57580000e+06 6.21900000e+06 2.42000000e+09 -2.29793423e+00 -2.56177636e-01
36845 -1.84300000e+06 -3.89140000e+06 -2.52960000e+05 4.31320000e+06 7.78180000e+10 -2.01310869e+00 -5.86815444e-02
36875 -4.43740000e+06 -4.07450000e+06 -1.36300000e+06 6.17650000e+06 2.65860000e+09 -2.39880312e+00 -2.22506621e-01
36876 -3.63450000e+06 -3.94220000e+06 -7.20990000e+05 5.41020000e+06 3.19990000e+10 -2.31560545e+00 -1.33662584e-01
36912 -3.89410000e+06 -3.80030000e+06 -7.19440000e+05 5.48850000e+06 2.69930000e+10 -2.36838457e+00 -1.31459665e-01
36946 3.55390000e+06 -3.80300000e+06 -2.93750000e+05 5.21340000e+06 4.29340000e+10 -8.19244603e-01 -5.63750440e-02
36961 -2.00930000e+06 -3.07180000e+06 -4.24560000e+05 3.69510000e+06 1.03210000e+11 -2.15005652e+00 -1.15152428e-01
37039 -4.38260000e+06 -3.26000000e+06 -6.11370000e+05 5.49620000e+06 3.02940000e+10 -2.50203874e+00 -1.11465711e-01
37080 -4.70670000e+06 -3.29450000e+06 9.15800000e+03 5.74520000e+06 1.68500000e+10 -2.53089378e+00 1.59402699e-03
37309 -5.68960000e+06 -2.39150000e+06 -3.89520000e+05 6.18410000e+06 3.04200000e+09 -2.74368561e+00 -6.30290624e-02
38909 0.00000000e+00 -5.69500000e+06 -3.72740000e+05 5.70720000e+06 2.01470000e+10 -1.57079633e+00 -6.53570042e-02
38915 7.59090000e+05 -5.54860000e+06 -4.13130000e+04 5.60040000e+06 1.90660000e+10 -1.43483289e+00 -7.37686142e-03
38917 1.58610000e+06 -5.88070000e+06 -7.39440000e+05 6.13560000e+06 4.72610000e+09 -1.30735221e+00 -1.20809988e-01
38923 7.03000000e+04 -6.00440000e+06 3.60540000e+04 6.00490000e+06 1.18450000e+10 -1.55908878e+00 6.00413273e-03
38928 9.31470000e+05 -5.80270000e+06 3.12630000e+05 5.88530000e+06 1.48770000e+10 -1.41163063e+00 5.31455009e-02
38953 1.29220000e+06 -5.28950000e+06 1.00720000e+04 5.44510000e+06 3.03680000e+10 -1.33119396e+00 1.84973752e-03
38958 2.52160000e+06 -5.10940000e+06 -5.79110000e+04 5.69810000e+06 2.04260000e+10 -1.11234474e+00 -1.01633873e-02
38975 1.35070000e+06 -5.16960000e+06 -2.24400000e+05 5.34780000e+06 3.05590000e+10 -1.31523206e+00 -4.19735039e-02
38990 -1.46230000e+06 -4.82120000e+06 3.02510000e+04 5.03820000e+06 4.12160000e+10 -1.86528359e+00 6.00436302e-03
38992 -7.66500000e+05 -5.14550000e+06 -2.21570000e+04 5.20230000e+06 3.85090000e+10 -1.71867401e+00 -4.25909059e-03
39004 1.83000000e+06 -5.22810000e+06 9.03690000e+04 5.53990000e+06 2.73830000e+10 -1.23409339e+00 1.63131118e-02
39043 -4.52710000e+06 -3.84340000e+06 -1.19300000e+06 6.05720000e+06 9.03590000e+09 -2.43769328e+00 -1.98251814e-01
39059 -2.51900000e+05 -3.96670000e+06 -1.37820000e+05 3.97710000e+06 9.20150000e+10 -1.63421484e+00 -3.46603300e-02
39062 4.33500000e+05 -4.34070000e+06 -1.45740000e+05 4.36470000e+06 7.22390000e+10 -1.47125769e+00 -3.33968189e-02
39098 8.99000000e+04 -3.73470000e+06 -3.41490000e+05 3.75140000e+06 9.66610000e+10 -1.54672943e+00 -9.11562061e-02
39121 -3.54450000e+06 -3.92960000e+06 -3.14760000e+05 5.30130000e+06 3.49170000e+10 -2.30471541e+00 -5.94090564e-02
39131 -1.03390000e+06 -3.55150000e+06 -2.93000000e+05 3.71050000e+06 1.04400000e+11 -1.85408326e+00 -7.90473945e-02
39198 -3.73550000e+06 -3.83520000e+06 -1.91980000e+05 5.35720000e+06 3.54280000e+10 -2.34302606e+00 -3.58435590e-02
39231 4.31670000e+06 -3.68650000e+06 -4.84030000e+05 5.69720000e+06 2.28500000e+10 -7.06816809e-01 -8.50618188e-02
39238 -3.88480000e+06 -3.70490000e+06 -3.71600000e+05 5.38110000e+06 3.64440000e+10 -2.37989323e+00 -6.91115169e-02
39314 -5.30890000e+06 -2.85980000e+06 1.01260000e+06 6.11460000e+06 7.80840000e+09 -2.64748169e+00 1.66370069e-01
39315 -4.68410000e+06 -3.18430000e+06 -4.49070000e+05 5.68170000e+06 2.05240000e+10 -2.54454564e+00 -7.91204879e-02
39405 -5.15310000e+06 -2.51190000e+06 -3.67200000e+05 5.74450000e+06 2.02720000e+10 -2.68803200e+00 -6.39656237e-02
39451 -5.72610000e+06 -2.29740000e+06 -7.67880000e+05 6.21740000e+06 1.60280000e+09 -2.76003888e+00 -1.23821157e-01
39452 -5.24710000e+06 -2.76550000e+06 -4.84490000e+05 5.95100000e+06 1.47150000e+10 -2.65653757e+00 -8.15034131e-02
41200 1.58750000e+06 -5.77340000e+06 -1.26010000e+06 6.11880000e+06 5.44270000e+09 -1.30245991e+00 -2.07423254e-01
41202 1.21340000e+06 -6.02250000e+06 3.28200000e+05 6.15230000e+06 4.35370000e+09 -1.37198022e+00 5.33712374e-02
41234 1.17760000e+06 -5.80880000e+06 5.26310000e+05 5.95030000e+06 1.28040000e+10 -1.37078013e+00 8.85667443e-02
41273 -2.10200000e+06 -5.28160000e+06 -6.52530000e+05 5.72180000e+06 2.05390000e+10 -1.94956483e+00 -1.14291444e-01
41311 -7.50300000e+05 -4.33310000e+06 -7.80870000e+04 4.39830000e+06 7.62250000e+10 -1.74225172e+00 -1.77548377e-02
41315 4.69200000e+05 -4.21490000e+06 7.32010000e+04 4.24160000e+06 7.82180000e+10 -1.45993339e+00 1.72587312e-02
41336 -2.25180000e+06 -4.44430000e+06 1.43220000e+05 4.98430000e+06 4.58170000e+10 -2.03976685e+00 2.87381810e-02
41344 -2.87000000e+05 -4.31680000e+06 -4.54920000e+04 4.32660000e+06 6.99850000e+10 -1.63718306e+00 -1.05146855e-02
41368 -3.32470000e+06 -4.03630000e+06 -1.25880000e+05 5.23080000e+06 3.66920000e+10 -2.25982231e+00 -2.40674760e-02
41369 -3.15620000e+06 -3.90550000e+06 3.86050000e+04 5.02160000e+06 4.60290000e+10 -2.25048244e+00 7.68786448e-03
41370 -2.76180000e+06 -4.23770000e+06 -8.54400000e+02 5.05820000e+06 4.58240000e+10 -2.14838076e+00 -1.68913844e-04
41377 -1.33200000e+06 -3.91190000e+06 -2.62670000e+05 4.14080000e+06 8.56220000e+10 -1.89898251e+00 -6.34772222e-02
41402 -3.35320000e+06 -4.06720000e+06 1.52310000e+05 5.27340000e+06 3.73080000e+10 -2.26026858e+00 2.88867115e-02
41403 -3.39900000e+06 -3.81140000e+06 1.02900000e+05 5.10790000e+06 4.10700000e+10 -2.29906157e+00 2.01466280e-02
41434 4.79330000e+06 -3.84060000e+06 4.19450000e+05 6.15640000e+06 2.85570000e+09 -6.75498655e-01 6.81851724e-02
41482 -3.40360000e+06 -3.78650000e+06 -1.57490000e+05 5.09380000e+06 4.47630000e+10 -2.30299097e+00 -3.09229067e-02
41490 -1.68210000e+06 -2.80730000e+06 -1.47170000e+05 3.27600000e+06 1.41400000e+11 -2.11061843e+00 -4.49388115e-02
41561 -4.50020000e+06 -3.54100000e+06 4.36680000e+04 5.72650000e+06 1.94410000e+10 -2.47491918e+00 7.62567419e-03
41562 -4.28320000e+06 -3.43350000e+06 -3.76360000e+05 5.50240000e+06 2.68550000e+10 -2.46586451e+00 -6.84526904e-02
41601 -4.22990000e+06 -3.66380000e+06 -3.36840000e+04 5.59610000e+06 2.30750000e+10 -2.42778734e+00 -6.01922828e-03
41603 -4.43970000e+06 -3.62020000e+06 -2.24360000e+05 5.73300000e+06 1.92670000e+10 -2.45752247e+00 -3.91448297e-02
41649 -4.28760000e+06 -3.39150000e+06 -1.13440000e+05 5.46800000e+06 2.87010000e+10 -2.47236245e+00 -2.07476480e-02
41696 -5.50580000e+06 -2.72920000e+06 -1.29290000e+05 6.14650000e+06 5.19920000e+09 -2.68139461e+00 -2.10362867e-02
41742 -4.90720000e+06 -2.90740000e+06 2.53820000e+05 5.70950000e+06 2.12200000e+10 -2.60672361e+00 4.44703878e-02
43484 -1.92100000e+05 -5.85630000e+06 5.30800000e+05 5.88340000e+06 1.51560000e+10 -1.60358685e+00 9.03427843e-02
43527 8.55880000e+05 -5.12440000e+06 9.42900000e+03 5.19540000e+06 3.87060000e+10 -1.40530337e+00 1.81487569e-03
43545 -1.35570000e+06 -5.29590000e+06 4.87340000e+05 5.48830000e+06 2.80860000e+10 -1.82140510e+00 8.89132718e-02
43558 2.18780000e+06 -5.73200000e+06 8.40930000e+05 6.19270000e+06 3.90240000e+09 -1.20618056e+00 1.36214597e-01
43570 -1.51030000e+06 -5.03010000e+06 -1.37960000e+05 5.25380000e+06 3.66290000e+10 -1.86248474e+00 -2.62621074e-02
43572 -1.30490000e+06 -5.05640000e+06 8.66470000e+04 5.22280000e+06 3.82540000e+10 -1.82335479e+00 1.65909043e-02
43576 -5.25900000e+05 -5.12190000e+06 1.51780000e+05 5.15110000e+06 3.61370000e+10 -1.67311451e+00 2.94698165e-02
43596 -2.27900000e+06 -4.30870000e+06 -1.30250000e+05 4.87600000e+06 5.34550000e+10 -2.05731906e+00 -2.67156471e-02
43607 1.36000000e+04 -4.57840000e+06 6.67540000e+04 4.57890000e+06 6.59440000e+10 -1.56782587e+00 1.45791270e-02
43613 1.07260000e+06 -4.76540000e+06 2.43120000e+05 4.89070000e+06 5.07160000e+10 -1.34940499e+00 4.97311719e-02
43636 -8.21200000e+05 -3.85120000e+06 -1.18450000e+05 3.93960000e+06 9.35440000e+10 -1.78088222e+00 -3.00710361e-02
43656 -4.53370000e+06 -4.03040000e+06 1.06980000e+06 6.15980000e+06 3.30660000e+09 -2.41489555e+00 1.74559623e-01
43659 -2.89140000e+06 -4.55660000e+06 3.89060000e+05 5.41060000e+06 3.22790000e+10 -2.13623508e+00 7.19691093e-02
43660 -3.12110000e+06 -4.06440000e+06 2.83490000e+05 5.13230000e+06 3.56230000e+10 -2.22566267e+00 5.52645707e-02
43661 -2.56150000e+06 -4.32010000e+06 -1.42250000e+05 5.02440000e+06 5.00580000e+10 -2.10599819e+00 -2.83156219e-02
43694 -3.42610000e+06 -4.24390000e+06 3.26130000e+05 5.46400000e+06 3.04930000e+10 -2.24997260e+00 5.97225390e-02
43703 -1.16100000e+06 -3.73640000e+06 3.54640000e+05 3.92870000e+06 9.24500000e+10 -1.87206503e+00 9.03920904e-02
43730 -3.82880000e+06 -4.06750000e+06 -2.61700000e+05 5.59220000e+06 2.45120000e+10 -2.32597435e+00 -4.68144226e-02
43741 -1.25170000e+06 -3.27460000e+06 8.78060000e+04 3.50680000e+06 1.18060000e+11 -1.93590374e+00 2.50413988e-02
43770 -4.07570000e+06 -3.71390000e+06 -5.40080000e+05 5.54040000e+06 2.88740000e+10 -2.40260768e+00 -9.76353733e-02
43851 -4.43080000e+06 -3.29800000e+06 1.03590000e+05 5.52440000e+06 3.15980000e+10 -2.50172694e+00 1.87524567e-02
43898 -4.91830000e+06 -3.21530000e+06 -6.95060000e+05 5.91700000e+06 1.47320000e+10 -2.56259125e+00 -1.17740157e-01
43899 -4.62400000e+06 -3.35780000e+06 2.95120000e+05 5.72220000e+06 1.87240000e+10 -2.51351942e+00 5.15974608e-02
44180 -5.49330000e+06 -2.33830000e+06 1.17520000e+05 5.97140000e+06 1.19260000e+10 -2.73915973e+00 1.96817476e-02
45764 1.68000000e+04 -6.11230000e+06 9.51590000e+05 6.18600000e+06 2.07570000e+09 -1.56804778e+00 1.54442861e-01
45779 -1.59970000e+06 -5.97760000e+06 1.51000000e+05 6.18980000e+06 3.19460000e+09 -1.83228460e+00 2.43973927e-02
45785 4.50800000e+05 -5.85540000e+06 8.83630000e+05 5.93880000e+06 1.25000000e+10 -1.49395914e+00 1.49343849e-01
45794 -1.64010000e+06 -5.64120000e+06 7.76670000e+05 5.92590000e+06 1.32940000e+10 -1.85373253e+00 1.31441795e-01
45803 3.85900000e+05 -5.59300000e+06 1.92320000e+05 5.60960000e+06 2.77400000e+10 -1.50190854e+00 3.42908042e-02
45878 -2.51010000e+06 -4.45490000e+06 5.91550000e+04 5.11370000e+06 4.45290000e+10 -2.08390487e+00 1.15682029e-02
45910 -2.93780000e+06 -4.34390000e+06 1.54310000e+05 5.24630000e+06 4.00360000e+10 -2.16544177e+00 2.94173529e-02
45913 -1.83460000e+06 -4.73490000e+06 3.83400000e+05 5.09240000e+06 4.29990000e+10 -1.94044871e+00 7.53599750e-02
45989 -1.56810000e+06 -3.62630000e+06 1.70710000e+05 3.95450000e+06 9.04510000e+10 -1.97893852e+00 4.31819610e-02
45992 -1.05770000e+06 -3.32220000e+06 2.15570000e+05 3.49320000e+06 1.09940000e+11 -1.87902304e+00 6.17505612e-02
46095 5.06790000e+06 -3.48340000e+06 1.29960000e+05 6.15100000e+06 3.65480000e+09 -6.02182659e-01 2.11298441e-02
46096 -5.52410000e+06 -2.75480000e+06 -5.78060000e+05 6.19990000e+06 2.70950000e+09 -2.67899554e+00 -9.33726059e-02
46181 -4.23910000e+06 -3.47260000e+06 1.68690000e+05 5.48250000e+06 3.06060000e+10 -2.45526353e+00 3.07736668e-02
46183 -3.96350000e+06 -3.30620000e+06 -2.10710000e+05 5.16570000e+06 3.93160000e+10 -2.44636569e+00 -4.08015322e-02
46223 4.28890000e+06 -3.04850000e+06 -1.13950000e+05 5.26320000e+06 3.80020000e+10 -6.17929807e-01 -2.16520185e-02
46226 -4.70030000e+06 -3.82700000e+06 1.18930000e+06 6.17680000e+06 2.53190000e+09 -2.45825094e+00 1.93753047e-01
46227 -4.75260000e+06 -3.11960000e+06 3.27560000e+05 5.69440000e+06 2.31070000e+10 -2.56073244e+00 5.75549512e-02
46317 -5.46840000e+06 -2.60740000e+06 -3.61630000e+05 6.06900000e+06 7.96510000e+09 -2.69666674e+00 -5.96217399e-02
46510 -5.58510000e+06 -2.42130000e+06 7.35480000e+05 6.13160000e+06 5.73730000e+09 -2.73252053e+00 1.20238628e-01
46511 -5.74410000e+06 -2.26140000e+06 -1.34760000e+04 6.17320000e+06 2.25390000e+09 -2.76653694e+00 -2.18298625e-03
46605 -5.69930000e+06 -2.32490000e+06 5.11890000e+05 6.17650000e+06 3.06110000e+09 -2.75427114e+00 8.29722033e-02
48037 -3.19600000e+05 -5.84650000e+06 1.01910000e+06 5.94330000e+06 1.38950000e+10 -1.62540716e+00 1.72321976e-01
48039 1.24030000e+06 -5.89130000e+06 8.44780000e+05 6.07940000e+06 8.40250000e+09 -1.36329582e+00 1.39408918e-01
48041 -2.72700000e+05 -5.93840000e+06 1.61120000e+06 6.15910000e+06 4.04380000e+09 -1.61668555e+00 2.64676101e-01
48051 -1.26080000e+06 -5.69200000e+06 1.03070000e+06 5.92040000e+06 1.48940000e+10 -1.78878062e+00 1.74984594e-01
48057 7.24830000e+05 -5.94360000e+06 1.06580000e+06 6.08180000e+06 7.92500000e+09 -1.44944420e+00 1.76153772e-01
48061 4.90220000e+05 -5.97390000e+06 1.16920000e+06 6.10700000e+06 7.43930000e+09 -1.48891949e+00 1.92641739e-01
48077 6.20900000e+05 -5.74720000e+06 6.56440000e+05 5.81780000e+06 1.85320000e+10 -1.46317851e+00 1.13073830e-01
48088 -1.64850000e+06 -5.34690000e+06 8.60810000e+05 5.66110000e+06 1.83260000e+10 -1.86985896e+00 1.52649163e-01
48179 -3.36500000e+05 -4.06440000e+06 3.44080000e+05 4.09280000e+06 8.69880000e+10 -1.65339998e+00 8.41689316e-02
48210 -9.84200000e+05 -4.04350000e+06 3.24280000e+05 4.17420000e+06 7.94720000e+10 -1.80955647e+00 7.77650983e-02
48239 -2.75000000e+06 -4.34340000e+06 3.81160000e+05 5.15490000e+06 3.99710000e+10 -2.13523096e+00 7.40088416e-02
48274 -4.30300000e+06 -3.96880000e+06 9.44040000e+05 5.92950000e+06 1.17870000e+10 -2.39657486e+00 1.59891130e-01
48275 -3.72080000e+06 -3.79700000e+06 1.57660000e+05 5.31850000e+06 3.69030000e+10 -2.34605889e+00 2.96480398e-02
48276 -3.90680000e+06 -3.69430000e+06 -8.98980000e+03 5.37690000e+06 3.12750000e+10 -2.38414369e+00 -1.67193070e-03
48353 -4.74080000e+06 -3.89900000e+06 9.17080000e+05 6.20630000e+06 2.24150000e+09 -2.45332073e+00 1.48309073e-01
48356 -3.91580000e+06 -3.62950000e+06 4.59970000e+05 5.35890000e+06 3.15470000e+10 -2.39412045e+00 8.59386571e-02
48397 -4.32170000e+06 -3.34110000e+06 5.57950000e+05 5.49100000e+06 2.99460000e+10 -2.48347162e+00 1.01787402e-01
48443 -5.48420000e+06 -2.86360000e+06 4.73970000e+05 6.20490000e+06 3.35380000e+09 -2.66037889e+00 7.64608843e-02
48488 -5.40020000e+06 -2.99740000e+06 -5.96110000e+05 6.20500000e+06 3.76190000e+09 -2.63487786e+00 -9.62176916e-02
48489 -4.57960000e+06 -3.12200000e+06 5.20520000e+05 5.56690000e+06 2.86620000e+10 -2.54324152e+00 9.36394514e-02
48534 -4.80170000e+06 -2.96900000e+06 1.61130000e+04 5.64550000e+06 2.45610000e+10 -2.58780942e+00 2.85413548e-03
48535 -4.59480000e+06 -3.07310000e+06 1.41200000e+05 5.52960000e+06 2.80280000e+10 -2.55209988e+00 2.55380768e-02
48669 -5.61350000e+06 -2.44790000e+06 -1.44000000e+05 6.12570000e+06 6.31230000e+09 -2.73037995e+00 -2.35096831e-02
48714 -5.73730000e+06 -2.22350000e+06 2.44770000e+05 6.15800000e+06 4.62510000e+09 -2.77186347e+00 3.97587689e-02
48715 -5.27120000e+06 -2.33800000e+06 2.61670000e+05 5.77240000e+06 2.11750000e+10 -2.72412194e+00 4.53467711e-02
50300 -5.92900000e+05 -5.87500000e+06 9.05110000e+05 5.97380000e+06 1.55290000e+10 -1.67137494e+00 1.52099043e-01
50310 -9.84200000e+05 -5.95270000e+06 1.24450000e+06 6.16050000e+06 3.93260000e+09 -1.73465074e+00 2.03412683e-01
50313 -1.09240000e+06 -5.54260000e+06 8.50960000e+05 5.71300000e+06 1.98630000e+10 -1.76539381e+00 1.49507874e-01
50351 -1.39770000e+06 -5.58410000e+06 1.26400000e+06 5.89350000e+06 1.36450000e+10 -1.81605728e+00 2.16152829e-01
50402 -2.86400000e+06 -5.27900000e+06 1.19720000e+06 6.12400000e+06 3.45840000e+09 -2.06788401e+00 1.96760269e-01
50433 -2.67750000e+06 -4.68940000e+06 8.61180000e+05 5.46820000e+06 3.29160000e+10 -2.08959560e+00 1.58147153e-01
50535 -4.04450000e+06 -3.91290000e+06 5.22150000e+05 5.65170000e+06 2.54640000e+10 -2.37273105e+00 9.25200693e-02
50575 -3.72480000e+06 -3.84860000e+06 4.45300000e+05 5.37440000e+06 2.82200000e+10 -2.33984926e+00 8.29508566e-02
50582 -1.88320000e+06 -3.15880000e+06 5.48100000e+05 3.71820000e+06 1.04440000e+11 -2.10839914e+00 1.47949189e-01
50621 -2.03790000e+06 -3.06160000e+06 7.13410000e+05 3.74640000e+06 1.01110000e+11 -2.15808252e+00 1.91595534e-01
50653 -4.65320000e+06 -3.49520000e+06 1.05540000e+06 5.91460000e+06 1.40980000e+10 -2.49736298e+00 1.79400567e-01
50654 -4.14270000e+06 -3.64400000e+06 6.24490000e+05 5.55250000e+06 2.64630000e+10 -2.42015224e+00 1.12708534e-01
50693 -5.22260000e+06 -3.07930000e+06 1.21070000e+06 6.18250000e+06 1.15830000e+09 -2.60884749e+00 1.97100637e-01
50695 -4.77230000e+06 -3.40520000e+06 8.24100000e+05 5.92030000e+06 1.59800000e+10 -2.52184087e+00 1.39652521e-01
50784 -5.20670000e+06 -2.86930000e+06 3.43950000e+05 5.95490000e+06 1.16310000e+10 -2.63792186e+00 5.77913199e-02
50785 -5.40290000e+06 -2.87630000e+06 7.62970000e+05 6.16820000e+06 1.86220000e+09 -2.65239167e+00 1.24011725e-01
50831 -5.07910000e+06 -2.71160000e+06 1.60370000e+05 5.75980000e+06 1.88090000e+10 -2.65121440e+00 2.78465794e-02
50879 -5.30240000e+06 -2.84090000e+06 2.33700000e+04 6.01550000e+06 1.36350000e+10 -2.64973533e+00 3.88497362e-03
50971 -5.39500000e+06 -2.64230000e+06 3.06100000e+05 6.01510000e+06 1.26240000e+10 -2.68616385e+00 5.09105866e-02
52533 -1.03180000e+06 -5.83380000e+06 1.00590000e+06 6.00910000e+06 1.08860000e+10 -1.74585182e+00 1.68187922e-01
52538 1.19530000e+06 -6.00940000e+06 1.06690000e+06 6.21930000e+06 3.00090000e+09 -1.37445383e+00 1.72399365e-01
52539 -5.94000000e+04 -5.73970000e+06 1.53900000e+06 5.94280000e+06 1.48360000e+10 -1.58114493e+00 2.61954466e-01
52548 9.99000000e+04 -5.76550000e+06 1.31750000e+06 5.91500000e+06 1.31520000e+10 -1.55347086e+00 2.24622949e-01
52550 1.15950000e+06 -5.91790000e+06 1.38670000e+06 6.18780000e+06 0.00000000e+00 -1.37731632e+00 2.26021775e-01
52553 1.78380000e+06 -5.73420000e+06 1.44900000e+06 6.17760000e+06 2.15930000e+09 -1.26920484e+00 2.36762942e-01
52561 -1.41260000e+06 -5.72120000e+06 1.92320000e+06 6.19890000e+06 3.36860000e+09 -1.81286111e+00 3.15454517e-01
52571 9.41510000e+05 -5.75730000e+06 1.43050000e+06 6.00660000e+06 1.23460000e+10 -1.40869792e+00 2.40465436e-01
52584 -1.81380000e+06 -5.54030000e+06 9.93280000e+05 5.91370000e+06 1.35400000e+10 -1.88718205e+00 1.68762469e-01
52611 -2.51290000e+06 -5.02510000e+06 8.94570000e+05 5.68920000e+06 2.22740000e+10 -2.03449965e+00 1.57895296e-01
52636 -3.34510000e+06 -4.62510000e+06 1.42150000e+06 5.88230000e+06 1.27230000e+10 -2.19695599e+00 2.44073280e-01
52668 -2.62500000e+06 -5.38910000e+06 1.33640000e+06 6.14160000e+06 3.14800000e+09 -2.02406619e+00 2.19352845e-01
52743 -2.13320000e+06 -3.76190000e+06 7.31870000e+05 4.38610000e+06 7.26650000e+10 -2.08663838e+00 1.67645396e-01
52980 -4.90590000e+06 -3.37930000e+06 3.69330000e+05 5.96860000e+06 1.69930000e+10 -2.53840704e+00 6.19183897e-02
52981 -4.95420000e+06 -3.13820000e+06 8.25690000e+05 5.92230000e+06 1.41060000e+10 -2.57694547e+00 1.39876170e-01
53026 -4.84510000e+06 -3.01130000e+06 5.85810000e+05 5.73460000e+06 2.16780000e+10 -2.58550368e+00 1.02332102e-01
53067 -5.27060000e+06 -3.09970000e+06 8.54710000e+05 6.17400000e+06 1.53330000e+09 -2.60996063e+00 1.38883038e-01
53207 -5.29090000e+06 -2.55790000e+06 7.70670000e+04 5.87730000e+06 1.47040000e+10 -2.69127028e+00 1.31130296e-02
54783 -4.97700000e+05 -5.50470000e+06 2.10580000e+06 5.91470000e+06 1.14890000e+10 -1.66096481e+00 3.64014135e-01
54784 -8.39600000e+05 -5.89940000e+06 1.59760000e+06 6.16930000e+06 4.06630000e+09 -1.71216651e+00 2.61944994e-01
54791 1.36200000e+06 -5.77790000e+06 1.53530000e+06 6.13160000e+06 6.10560000e+09 -1.33929668e+00 2.53084528e-01
54792 1.79950000e+06 -5.61300000e+06 1.70500000e+06 6.13600000e+06 5.62770000e+09 -1.26055370e+00 2.81574324e-01
54812 2.03980000e+06 -5.50160000e+06 2.02160000e+06 6.20610000e+06 8.49180000e+08 -1.21574381e+00 3.31798569e-01
54816 -2.04220000e+06 -5.73640000e+06 1.03860000e+06 6.17700000e+06 4.03260000e+09 -1.91281276e+00 1.68942373e-01
54818 -2.14430000e+06 -5.45310000e+06 9.64570000e+05 5.93840000e+06 1.49690000e+10 -1.94544933e+00 1.63152125e-01
54898 -4.44050000e+06 -3.99950000e+06 1.70870000e+06 6.21560000e+06 2.80390000e+09 -2.40839820e+00 2.78490975e-01
54899 -3.15210000e+06 -4.74710000e+06 1.60570000e+06 5.92020000e+06 1.25680000e+10 -2.15695425e+00 2.74664414e-01
54960 -4.10070000e+06 -3.81500000e+06 1.34050000e+06 5.75910000e+06 1.92460000e+10 -2.39227166e+00 2.34916792e-01
54997 -3.90800000e+06 -4.19470000e+06 1.17360000e+06 5.85200000e+06 1.50760000e+10 -2.32082598e+00 2.01916050e-01
55119 -5.01770000e+06 -3.30880000e+06 1.29480000e+06 6.14830000e+06 3.14890000e+09 -2.55861984e+00 2.12183364e-01
55160 -4.66740000e+06 -3.14690000e+06 7.87880000e+05 5.68400000e+06 2.01410000e+10 -2.54837232e+00 1.39061416e-01
55203 -4.83640000e+06 -3.24130000e+06 1.05050000e+06 5.91610000e+06 1.47040000e+10 -2.55115577e+00 1.78512900e-01
56990 -1.54450000e+06 -5.81710000e+06 1.21740000e+06 6.14050000e+06 5.14540000e+09 -1.83031882e+00 1.99579781e-01
56994 -2.03700000e+05 -5.47090000e+06 1.63970000e+06 5.71500000e+06 2.02920000e+10 -1.60801250e+00 2.91001368e-01
57002 -1.92430000e+06 -5.75430000e+06 1.27640000e+06 6.20030000e+06 1.97870000e+09 -1.89351628e+00 2.07343478e-01
57006 -1.15090000e+06 -5.32190000e+06 6.87220000e+05 5.48810000e+06 2.71180000e+10 -1.78377397e+00 1.25549595e-01
57009 -8.78400000e+05 -5.47450000e+06 1.44340000e+06 5.72930000e+06 2.01540000e+10 -1.72989326e+00 2.54677213e-01
57010 -5.14500000e+05 -5.76450000e+06 1.26730000e+06 5.92460000e+06 1.08370000e+10 -1.65981364e+00 2.15570477e-01
57020 9.34050000e+05 -5.81690000e+06 1.85920000e+06 6.17780000e+06 3.81410000e+09 -1.41158025e+00 3.05687168e-01
57024 -1.84080000e+06 -5.29450000e+06 1.15680000e+06 5.72350000e+06 2.15490000e+10 -1.90540423e+00 2.03516083e-01
57136 -3.85630000e+06 -4.48300000e+06 1.75180000e+06 6.16740000e+06 4.75650000e+09 -2.28118529e+00 2.88007020e-01
57138 -3.34000000e+06 -4.58870000e+06 1.74060000e+06 5.93650000e+06 1.53100000e+10 -2.19998642e+00 2.97575436e-01
57167 3.78690000e+06 -3.99340000e+06 1.27960000e+06 5.65020000e+06 2.18050000e+10 -8.11933327e-01 2.28451840e-01
57172 -4.49070000e+06 -3.65450000e+06 2.03600000e+06 6.13740000e+06 5.00790000e+09 -2.45849778e+00 3.38143788e-01
57239 3.70920000e+06 -3.80010000e+06 1.07050000e+06 5.41710000e+06 2.70220000e+10 -7.97502562e-01 1.98924302e-01
57240 4.06220000e+06 -3.98950000e+06 1.49840000e+06 5.88750000e+06 1.57780000e+10 -7.76369260e-01 2.57336132e-01
57244 -3.99300000e+06 -4.09690000e+06 1.40630000e+06 5.89120000e+06 1.43380000e+10 -2.34335202e+00 2.41039267e-01
57320 -4.52220000e+06 -3.59780000e+06 1.27990000e+06 5.91880000e+06 1.55100000e+10 -2.46954884e+00 2.17964935e-01
57776 -5.76110000e+06 -2.03480000e+06 4.35150000e+05 6.12540000e+06 6.62250000e+09 -2.80207307e+00 7.11001481e-02
59197 -7.78900000e+05 -5.61710000e+06 1.68470000e+06 5.91580000e+06 1.53810000e+10 -1.70858354e+00 2.88776649e-01
59198 -1.04260000e+06 -5.63100000e+06 1.57830000e+06 5.94020000e+06 1.40490000e+10 -1.75387662e+00 2.68928004e-01
59205 1.33480000e+06 -5.52660000e+06 1.67640000e+06 5.92750000e+06 1.28730000e+10 -1.33381196e+00 2.86730138e-01
59230 -1.58010000e+06 -5.37210000e+06 1.16930000e+06 5.72040000e+06 2.26600000e+10 -1.85685986e+00 2.05859699e-01
59248 -2.44120000e+06 -4.77750000e+06 9.80650000e+05 5.45400000e+06 3.18050000e+10 -2.04318815e+00 1.80787011e-01
59269 -2.11110000e+06 -5.33400000e+06 1.42770000e+06 5.91160000e+06 1.36900000e+10 -1.94766102e+00 2.43919779e-01
59296 -3.61090000e+06 -4.62870000e+06 1.37590000e+06 6.02960000e+06 1.14890000e+10 -2.23329166e+00 2.30219178e-01
61322 -3.40800000e+05 -5.68630000e+06 1.51610000e+06 5.89480000e+06 1.54400000e+10 -1.63065824e+00 2.60116133e-01
61329 1.11780000e+06 -5.79810000e+06 1.64940000e+06 6.13090000e+06 5.19890000e+09 -1.38034558e+00 2.72386431e-01
61333 -1.15430000e+06 -5.53780000e+06 2.48540000e+06 6.17880000e+06 4.33550000e+09 -1.77629411e+00 4.13969174e-01
61335 -1.70890000e+06 -5.59200000e+06 1.94830000e+06 6.16330000e+06 3.10490000e+09 -1.86738030e+00 3.21629711e-01
61340 -1.24410000e+06 -5.82080000e+06 1.69590000e+06 6.18920000e+06 2.14840000e+09 -1.78136164e+00 2.77559701e-01
61344 1.26210000e+06 -5.73580000e+06 1.85900000e+06 6.16020000e+06 2.23290000e+09 -1.35420877e+00 3.06554867e-01
61350 -2.41830000e+06 -5.44850000e+06 1.47070000e+06 6.13980000e+06 4.05470000e+09 -1.98852159e+00 2.41887384e-01
63414 1.29260000e+06 -5.54100000e+06 2.40910000e+06 6.17880000e+06 2.34540000e+09 -1.34161574e+00 4.00520514e-01
63418 -1.76570000e+06 -5.80400000e+06 1.03710000e+06 6.15470000e+06 4.68380000e+09 -1.86612129e+00 1.69313160e-01
65458 8.21060000e+05 -5.59020000e+06 2.31440000e+06 6.10580000e+06 5.04450000e+09 -1.42496412e+00 3.88768853e-01
65490 -1.96920000e+06 -5.44620000e+06 2.04090000e+06 6.14040000e+06 5.18140000e+09 -1.91774392e+00 3.38817958e-01
67419 -1.31100000e+05 -5.62440000e+06 2.32450000e+06 6.08720000e+06 6.21430000e+09 -1.59410126e+00 3.91815401e-01
67430 -1.53830000e+06 -5.60650000e+06 2.13830000e+06 6.19450000e+06 5.48340000e+09 -1.83858413e+00 3.52444755e-01
69388 -2.58240000e+06 -4.88480000e+06 2.71280000e+06 6.15540000e+06 3.16000000e+09 -2.05710845e+00 4.56399187e-01
